0,0,0,15,11285ba74b129605827fdef228c81743d9e8e005db64aa34f78df3b3662d04b2
2,0,2915759f569c60c68463f457f4e4c29010a10420a704f10766ce01669b4d7e23
0,2,1,6,15f934b24f4ce2bd27b15a2efdbe649b5ade2fd4a78c905d211e883752fc86c3
0,1,2,7,04f776a713d370346e3324b5a0709e9b3691ab79792d8f9420c8381c0e94f8df
1,4,0,3,1,2f103bf27ea71796c84f0c9ae06125df913533e7cd700bbbdf6cd396c129d95010faa93f52ea4a24a37eb312c3451a5d0fe494c72f0ca52aa87b846658da4d042109ea2fcf30ea0e5e6b74f284dce029c873eb7fef949185ec9d9401cc7ee0ff283061541d57d802d1953b352347059cb30dd6f17dd26636e1961db61705d31f02700577b26e1d496c5d760cb4af916e060f6a111eda8061b82e5af3f636801b1f5af67b35d965d48dc75b347b0d7397ca8dd5d19bcb09846843d0917d5382372613f67d98c12703950aa132d8d36f81bb6f64373ee0931acbaa11afb850f1bb2dffd8fedc09de4ccc6aaf17cc20201edd03b4a4386bfc93f57df52812e96108,2915759f569c60c68463f457f4e4c29010a10420a704f10766ce01669b4d7e23,25fc958fb5c482a8e004bb8a0aefbaf6eb8c5d2f7814d41ee3e4363534885284,d03ea8624c8c5987235048901fb614fdca89b117,0000000000000000000000000000000000000000,0000000000000000000000000000000000000000000000000000000000000000,0000000000000000000000000000000000000000000000000000000000000000
0,4,3,10,2d87445b14f1cf3f314494c7ce7690e251212eaf7301cec11d9e11d349927e5d
0,1,4,14,0903cebf293ad96bf2a30aa5df56bd2c9ca8cbb263642891f85c6fe7e349a26b
0,1,5,5,01db99800a7fc85d178d02efdb4b07606b3b9d1e4775fbb105776c4b8c672e48
0,2,6,1,0e7f13a8957ac39e9e7a526c689c1c0f35f62e885b24aec67ac01adb7b5c358f
0,1,7,12,15ac8bd22c7f24b41617b48cd365fbc63fe7e021f62155212191cb998e6cb7a7
0,1,8,15,024467a8acc25e26fe1db5a6d1827d54bcde07e5b64d75b00e2a85ffb1531dea
0,1,9,14,073c2415cba4e9baec8f0ff10bc48dbd7e02c1fac16b5e6f18f9762494f3d598
2,1,12a4dbb337d1d50bf1ee00a36e76628fe6614beb457c411e84fa55cbc2ea27d9
1,1,1,10,2,11a78006ef241aebe113cffe1625226f980ae6df7ba2d618515aa28f9daf07f517f33d036b800573478b078ecefb5d7584f07960b5d0451ac4d3da107d6e65a6179633d8484de74617fd2ae2cc298895aa9c47c2e60fb527ee8a007b21be32eb1706520d172f1fc4d23d40a137ab9ac6d3f319139a67224ed887171bd0dfc6a30779934861e9eaca88541a3015f7216d9c347ce252f96675b4cc68b44393517b2e6560ef7355e0e6d6b7652ed63830f8c22a24ee40f15881ac895c27783d518a24ff89dc028b10a1938a1df697831a097b91762e3a47777b016532c7976b96ae220ee0ff05f1779b350cbb0d659d5f2c2602dd346248581610dfd8b35a83832d,12a4dbb337d1d50bf1ee00a36e76628fe6614beb457c411e84fa55cbc2ea27d9,1d8f2e48066090008a66c089e2e2fd6da950f8fbb249e849bccd96dcba81583e,ffcf8fdee72ac11b5c542428b35eef5769c409f0,0000000000000000000000000000000000000000,0000000000000000000000000000000000000000000000000000000000000000,0000000000000000000000000000000000000000000000000000000000000000
0,4,10,7,082adf11c4fd2fba66471b1406e976d74cebd6398ef9341393294aee25dc6e0e
0,0,11,9,1d17bc60a553febd29dbeab7059a4d852ed2339fb32f83a67e8b85555f6d63fe
1,3,2,12,2,140c9f2a6578e69f093d9763949fd54139c2c2cb74dea0952a291ed99543733d152430258bba1029e758e0f80289a9d550094dc8e05cf476129b1c897d2ccdef0d66ef5eac6c9a524b0040fc9b4cb63ec01b5b3297b7f094097e65df5d83fae01f2ee15f2e82221af5fd122eef5b60f1aa4aa88b8cf052174a1095a47224b7c20f9e0a69622a80b667993fa4209d51441f6230cf5f79b36a8ab9875543bb3fe32c28db098020ab5531eb644513357a5416de877d6349b06078838506c19732f41967fe953fb8b2fb7dc9daa0550c1ba24ec2781060ef471013bc3f7ad73921731ed7fa779e1f585d18e1e89ef55ef27372a09b70628afd2000b8fd2f36055fcc,12a4dbb337d1d50bf1ee00a36e76628fe6614beb457c411e84fa55cbc2ea27d9,1dbaeec683b0d7fac146b3371fd1249074150274405000a583b21c705eaa1484,e11ba2b4d45eaed5996cd0823791e0c93114882d,0000000000000000000000000000000000000000,0000000000000000000000000000000000000000000000000000000000000000,0000000000000000000000000000000000000000000000000000000000000000
0,1,12,0,125193544ddb20e5a170140f1dcfc4c5586efdc28a5b5a6004dd4d7751a44618
0,0,13,8,1e68d57226053847f141df481ce80d72a409eb08adac12f5167b47a5beb36b06
1,2,3,14,2,1fd49815ae8e7ede7cf69c7ff92e11b30ab2234e79ccc68b6d6c2c5cb15a30ef109ea508fa67ea0f2301bc6eb617844e98222edbe3d01e10364833da28b8db3111299364fcb42a513cb0660660f7b5db98dc9f1bde9066b257afde3af9055eab27c1be300d873db6575c4fdbaed4e0ff6e58a579141c80348938670b59250fd128d36d5891319705195f26f94be4ecb3cbf7b646989236b29818c16a763ca2231eb7b5215da0282834f3cb5c7e8152a654e0769cd0663cf41f6b3370503b163f14ffb2370c3eed78d0c6736686dfb73544e5b17345f75df72447fb3955ec361925f08a18e4242261a228e7662b53e2036af01886997f38377c103ba7eb448735,12a4dbb337d1d50bf1ee00a36e76628fe6614beb457c411e84fa55cbc2ea27d9,1ac2093826bf378df4a8b7bc66a986b46f97c564618aa92a208e0c4f057df72c,22d491bde2303f2f43325b2108d26f1eaba1e32b,0000000000000000000000000000000000000000,0000000000000000000000000000000000000000000000000000000000000000,0000000000000000000000000000000000000000000000000000000000000000
1,2,4,14,2,304bfcd7dad4b2724646d8b1d2028dd67d09ddab5ee215d3d707ce38a050ce4b0fdbdcbdcea80e7d68f45789e39e8f1fe9ef0f0035518ef0dd50eace195058d1172e055be969dddf4d232fb8e35604622d694b4fdfb26ae0163ba38865ebf7482db0c640f3a08ba1697f5fd0deae0c14278bc5745a0372f357f34c2cff6036ec13516d82f0fd56d48812a7e97748749553432165e5e5f90a15779a0af8efcf0222b8836154c2f9679d73efceb8d3813165aaf036ad4b6aeaeb3fbdae7c8cf72d059ca99fc08307829dc3d916cc9d6f23e074b7f36469fed14d3b791cf80683fb11481e0641d5e207e362fd9ad68c44de01b4b23a500a3012bdc7fe1cd4eaf108,12a4dbb337d1d50bf1ee00a36e76628fe6614beb457c411e84fa55cbc2ea27d9,25b3f46c34f73cd425af41834da1e6f4912e83132cdeeaf6730ab031a21e9fd3,22d491bde2303f2f43325b2108d26f1eaba1e32b,0000000000000000000000000000000000000000,0000000000000000000000000000000000000000000000000000000000000000,0000000000000000000000000000000000000000000000000000000000000000
0,4,14,11,015146bb0bfef3034ba57d99002e7e9e78ba2efd58ef1f6c50fac5ce58fb3067
0,1,15,2,28cd1b7d25e19fe2b180e312e4fb6c8e47c3b805c18f20ffea9be9b860f77512
2,2,147ff405bc39fc019c711bb6bb26f68fe785634e7e16fdbe1caec6dceae2b135
0,4,16,2,26be72a7a8b85decf78fdbc690efa4410f3a66f6f26d4f5bc9f79f503afec5ec
1,3,5,17,3,0ddc190544cadf91a8948c1fdb4541adee418ac0d771ac27526190d300502eac0deaa10cb72558bb465a871403a89f71601aa78e22c7a454d37bd62f36def14626ae37c34af4a6a69a29602a590d2d5df1bd88bba6653e9bec2c5b6ebf84d9ac0ec45bbbcb54601d6a7ad0e13d26339ff3eef083826757c3601f98dc31ed70772d145e9be48ed6489db06dd10575e4e59749e91027a532d1753814d726a0484623d32814569dd353a66ffe45e0d05c9e2192dceb484e0613c89209e43fdd1fdf169ffe95ec0fe2424b7b86f92fcbcfef489383b9111ad85a3402ce1ca6b8b5642010326538855935b59f5e203deda3d166954b2680bb2687f2fc61f7e0d512da,147ff405bc39fc019c711bb6bb26f68fe785634e7e16fdbe1caec6dceae2b135,07fced6da540d6acaf70a0d2737312851a7d449eae238256bd8bb1b2101f5d1c,e11ba2b4d45eaed5996cd0823791e0c93114882d,0000000000000000000000000000000000000000,0000000000000000000000000000000000000000000000000000000000000000,0000000000000000000000000000000000000000000000000000000000000000
0,3,17,4,14f53c86df45b7af406f8a9da68f8ccb2199b018f4be1dd8101d21bedeed1818
0,1,18,7,126ce5a3ee414f0e7f3726eeb94731e4d8e57e3233fd21b7545aa36d64ff9ad9
1,1,6,19,3,2b30657cdc35fbb0812cdf053740e5ac4b3caf9f79f216ec830fd1daf8eec1412aa687539a98113686910ab66993016ab81af23ebd3c55e8850eecc01c5a99be0cd7e6b64410ade58a8124dcbc4cd2f7257ee379caaa2b9c13689e3e9772bbce2081a17bdb3a16c0d9fd6ef73302e16c719e3b7649b3dd73037ccf1f19b4e06616e3946e2042e99dbac73db815af82b02952c3cde4dc629441a15d94899c5f5222d33219e719a7aa8238bdc2c427da3dbc229a37b8c89ec3e42ef2a243c7e91216b9a4a43b75a0103e7f3f082ed6711f637ffb016d9f8ebf16e8744b6a954de72f3ba8427aef056dded340b5138d7cf5602d729e6056686910869c39baf653f8,147ff405bc39fc019c711bb6bb26f68fe785634e7e16fdbe1caec6dceae2b135,15a3a18be8c5d0fd48cbefc5a725325ad867367811e547870f2ff2b9472d4fb7,ffcf8fdee72ac11b5c542428b35eef5769c409f0,0000000000000000000000000000000000000000,0000000000000000000000000000000000000000000000000000000000000000,0000000000000000000000000000000000000000000000000000000000000000
0,3,19,4,0f0f429ac5b58bd3370c03b16f03313d6ed1fbf46ed23ceb8ddc48ea3421b938
1,2,7,20,3,229eabd2c85a09f3e579b30ec0198a4e7c88767ff88b93d72ce3d34325dbeba20a9a738692ce5b8539e315951d83a523e3b93f962c27834aa99c3af2124011680f95a77883995d007e2efff3f6d3ee8b490d3bf81d88ee68bb5398569c4ce6981864e413f69760e44b2eb8cc889a89559f79d3bfa465c260d005e711951723011ab9ce3abde66f24017eab3464bb747262af038df534817131ae1fd6583d4a1e0f63a4e52debf79c2916676782c7e8d62e261b155da8132fb96393d34f41bdae245446016b4d702bda76ff725c7bb09a7da78af04488e785dc267e6df3d8f4c62393b512b54ed5104ea822b52f6b7a7517d03d320ae9b2430b497040845e6c74,147ff405bc39fc019c711bb6bb26f68fe785634e7e16fdbe1caec6dceae2b135,1b580c5d625fa898062464451cd4609508e24c30c73593d2c0d1d6035b788fbf,22d491bde2303f2f43325b2108d26f1eaba1e32b,0000000000000000000000000000000000000000,0000000000000000000000000000000000000000000000000000000000000000,0000000000000000000000000000000000000000000000000000000000000000
1,2,8,20,3,1bca48a8979ec631f9ee186630fb983bb241b445017017f2c4b19a77773a0005088066043fa48e2e26344e280b56c1b8d8ba300afe9df771eeef7541953db5f50f983f2d1c62ef02bbb5ff941a3d5d0e06252b3aebd28d04d6e0630c2d47c27c01725705b8a55a8eea7ba51796636df4cf93b5252752a395b62124efb227518d25ae0995249a75524c7fd9a5154c690a40e69f4f3ec578abd11b12e88042e74a1fc7249f7b1d84b7c97c3e62a0f2481c6c68bdc1f6a3bb76736a30caa2512e171f00156d6df9c3929846617cbffffa7ced7d52ae2f8b73d69f7ffd12333dbfe32dd695aafc2abf5b71de33674329720812a1a61acd6dd10dddeaed989abdb5b9,147ff405bc39fc019c711bb6bb26f68fe785634e7e16fdbe1caec6dceae2b135,17b420bda6043ced10253cd535a4ae72cb4628d678b78f9eeaa5d3d88556a0e3,22d491bde2303f2f43325b2108d26f1eaba1e32b,0000000000000000000000000000000000000000,0000000000000000000000000000000000000000000000000000000000000000,0000000000000000000000000000000000000000000000000000000000000000
0,0,20,13,169bc7964b01ffea12605901bcd907e2f104c9a208abaaf4de933644bad93fb3
1,0,9,21,3,147afa703c9234c63d291a0b78785ef749665fa74cb9a963af1234e77996c602045b8e3bd93793bb3000a975a9bb30d2747a555314e52ebfcff7db3c3c2cf2652c628b31a01d4ceeb3ec9ea733f565e72671c013b87ca7791323f4d254f73cd00796875c65d1ae92f9de6d4471662f800128d068176a02dd72f94f1d7d6424d6248bf82337a1078b1898183dca3e590a921621574b8d081bdf7f12b212c291ed2bcc06ed028141a7ab113cf42d29d2d36644d5f28a507f94a50b453103df386312f2088e689cb0878b4ee9580a5e50429508dc8bd4c9aee98fed8cd41e8e3b642e929fba3a0bc92110b88406f8dd4dbed50107c9a8295481a69a4b509ecd2dd7,147ff405bc39fc019c711bb6bb26f68fe785634e7e16fdbe1caec6dceae2b135,20013ae50ca8a92df427ed96d5b028f20dd6e347f4d0a4fb09cdcc33d1af36b5,90f8bf6a479f320ead074411a4b0e7944ea8c9c1,0000000000000000000000000000000000000000,0000000000000000000000000000000000000000000000000000000000000000,0000000000000000000000000000000000000000000000000000000000000000
2,3,258f6c6665b68b0637c92715e21743a9464efa6495760b90a9cec297bebf18df
1,2,10,21,4,1c2b06920fd2dd4c4e3e9774b7b1af9a78c4d686c6900e8c8d7d7127ba6e3b0d149bad5b413a746fdaf0eb7f13b9339ea0718731301a217852c2ba95e6627c74131081ac0d8832d27c036f3115c2a030376fa48e4b2c3df3448cd91c7a9789e50f90a1c1c80975d8b7e50439cdef8f894c36222130abd8f8e17dfe2326f1571828301e8cef152dcd5ee60d3b1895121170914794316f9fd3e16a6f3e25b2085b02420b794382a84bbe7c6874080d68d60da93fda82d6c6d55f0dab52b05e3e311a35dcc323eca94d920bf62e6cfd42a17fedca7dc2e6e7f0d81c077905b6d083000d05261a38368dd8b3fcc3c78c3fd23acaa14d83655c0d7fb985119ea21c65,258f6c6665b68b0637c92715e21743a9464efa6495760b90a9cec297bebf18df,013cbaae81309b5ee9213f5176cdf17c15fda68fb603b4712aa96cb40d39b7d7,22d491bde2303f2f43325b2108d26f1eaba1e32b,0000000000000000000000000000000000000000,0000000000000000000000000000000000000000000000000000000000000000,0000000000000000000000000000000000000000000000000000000000000000
1,0,11,21,4,1d4d6cd2bfdb07ef5572e378215e582711746676c08c59c5a668959b4076250e2ba8930a70b393da62993d2a41d3d4f7551798e5d51b08a86b2f5b3ee49f2ab9191de18102482a98981be9c71a934260a5c49ac0e7e0f171259f73796d9f6b9a0a8eb1512e583a859f7ef9a9cac2096e180b128d8c573422c5d88efa52ffbfb51c64024c45c2b6e6dda2f527f9230071d027cf464c15668bd2a9faebe25fdaad2f1e877a31c285e64d2aefea04feda83e8593eee6eb3c0951a5927bad71c47e505d50f3bbbccaae7aeea5d5855ebfdf045d1374a63eeeda3ede603c245c42da8113c4ba64428be332ee6bbfa8c6ec7fa2c981eec565b572d08852a72336b60d9,258f6c6665b68b0637c92715e21743a9464efa6495760b90a9cec297bebf18df,2c1039afa3aa17f309eecd9c636be8498f1511f310c5d6344c311d0ed6d30bdd,90f8bf6a479f320ead074411a4b0e7944ea8c9c1,0000000000000000000000000000000000000000,0000000000000000000000000000000000000000000000000000000000000000,0000000000000000000000000000000000000000000000000000000000000000
0,4,21,14,0546854503f918b9399497cd7a1828c8f07eb7581c5d1dc80b99d482406f490f
0,4,22,5,2be2642deb74f97cc6f28b6883e44d5f182deac63e4d38d6a69e8a3545de3479
1,0,12,23,4,12da31553c9127e5a315096dc69f17af0d6b74e0f7d8610341ecec16c43fa72a1004a99368b4791f7db32520ed868c7bbebce26bee10f1ac2979ddee7cf44fa028b58c5822bba1b952dae2f7134a5c07a5d5083f6f1bda70d79055601929e3c31ff9c034f5e62ae89f7bf286ffd374c2b8cf07c42e844fc643dc0a663f247faa2e7a01c76e106f81f8f6a20f844c90300bd00619ff6d768a6c5485f487e82fea0f7e07489f9038e7cbe2eb7d3b830b76654dc089155456b6d422f4eb4ee4a68724f35daf49f9a18ea4dc59b2b83c4a3bbe328a34687e8d7615f478569dfc4495055d11fec69793aa3fd52cb1cb230038be96c359eaefccb2cd78a3276991d7c0,258f6c6665b68b0637c92715e21743a9464efa6495760b90a9cec297bebf18df,20c77878f27d49aa131914f3e52511350e834c0a97548378039cf455b983197d,90f8bf6a479f320ead074411a4b0e7944ea8c9c1,0000000000000000000000000000000000000000,0000000000000000000000000000000000000000000000000000000000000000,0000000000000000000000000000000000000000000000000000000000000000
0,2,23,14,02837f8acddcecf3202637397caf3951c6e31240b06002f48d1b2eed41394b75
0,1,24,11,219b76865430f12302695c9eb3b0874268f59aa0c972f4d981b8bfd756a75246
0,3,25,8,190567e99ad06a597a13aadfe312965fcb1f8024ed66743b8a5f611b2b926e86
0,1,26,5,1e2bcc8321c6e7739e6c204868bd65e32dfe85a0639c35f94f9fbf49e2de4133
0,4,27,14,1c673e3b58090a7c807c6066187ac6a39d388ea940e67c3dd66e7bf9f8b48ed4
2,4,1b20e0f2dfa4868b5bad46d31ce1b737dcb4b4f07d4e4230f2b127022974115d
0,2,28,9,19bb43269273daf0874e0a508c3ea913b99e765f1e437b9825f71225a12fd5df
1,0,13,29,5,05e567555d191c3efaa20450bbec8eb53d41efa31a1ab965f8edbd80205f11d91fba54b189e2f12ee3951518a9cff2dc107215f8b5725043dc210164b4e504a20e66bade81ad6619e691bf4122ee9a24244fbbcbe5d727b3b8e820f6d885f0fb249cf509762a830d40f1bd4be64eceaf811cc929b2e31be3f9829c5b07182a911868021aab39a085b68340216a79a62c71ef73ffcd8a921812fbaf9688f3b95e2131893cfc0050ac917c5b3b53de60dfefb70b96cf19d3c9c5765a6173929ba81488aa2b911970e5b574fd09dee3133ab1f897cb94a48cb196761202ce6f392220ada6802cef3189be2d9536e8ead7618abe8c5200b29b18c6456dc03e0a881e,1b20e0f2dfa4868b5bad46d31ce1b737dcb4b4f07d4e4230f2b127022974115d,184993f16ed7a51fe98ad188b12b0aa2da185fb019a055dfd7ba4f5a5c65dd01,90f8bf6a479f320ead074411a4b0e7944ea8c9c1,0000000000000000000000000000000000000000,0000000000000000000000000000000000000000000000000000000000000000,0000000000000000000000000000000000000000000000000000000000000000
0,3,29,5,0bb530ca28b6e5608996193ab733ccea8f8e3a7defae12b8be6edc05504370d1
0,4,30,3,1eeb364682ece973214b719a2fa48b35650da14b669451bf93f4723d97b7b203
0,4,31,7,06065b4c0908659454912ffdd69a0618bb1caa09d776915b68f68451cb337661
0,2,32,13,08cd241d0ee0085e03d8f21c8bfca3fa1aa6a483640a9e3c324390365b4e167e
1,1,14,33,5,2fe77f3f6afa9c6f9657e19a87f6b5ec9b7d72df8bb0d9577251d8c92fe4176f20bb3a6254d74d7bbe32c0bbf942f1b30b5653e3a0166940b9124ef5455fbb6c0c0360d147409323c6e66298a4b5446d07c3bfd021a4ef7b24580f74310cb402081c3a8f47c51bd7c706b93746eaf41f460ffe0085ad00278ec250b8f06e19b30630a50a1eb8e3952114730ad2f8b892407ffea363e9c036bbea85b4a507a13021e1fcc32fd3b7dcf674cc3b01825d46ed9628ec14c647645a3f6738b7676abc02ac2a962ef4435304def753e41aa926d0ea2e9884599326ebf081821f302c2e287fa4ffc377ebb1fe88543789d16a59c3c208c4832d2d205da3a3e42bbc0534,1b20e0f2dfa4868b5bad46d31ce1b737dcb4b4f07d4e4230f2b127022974115d,1cb169bd55227c1e17a8b48adac8d972b474ec98003d1ff4de9e6687eb452761,ffcf8fdee72ac11b5c542428b35eef5769c409f0,0000000000000000000000000000000000000000,0000000000000000000000000000000000000000000000000000000000000000,0000000000000000000000000000000000000000000000000000000000000000
0,0,33,13,0d89607665a27b6f2ecb27619e2d97cc075c957f94c4c59cee09ba22d81c8eec
1,2,15,34,5,1be3c24c3d931199f2c8979318c744385dc21612660bf9db85818f923f9ad6371084e62d9056e6834cb6dece09b399d453a5479b07f2717a0a3b12fb8e25c3ed24fd9ea16acbc79674f1a1df5df03abbbf57e6e0892b9350041d3f66bd7c6d480a698a3f4260b65f7d9edaa9ab53f69fd470dd7b1e5526dc2bc7bbc1253b7b4d0c3654b413275e25f61ecb96a81a834310a26361fae5f27c9c34d49ffaf664f51671c39648444990a3faf2cef75fcf369b627de21221587ad4e39319ee48a5c3232d71ef7d610f26249982b93f2eef7196238f0b95050c575bcebb47682bc8d13040ab19dc4c19bed3ae0356c7402c6c66b3ab1c13a240527d363f82d07bfd62,1b20e0f2dfa4868b5bad46d31ce1b737dcb4b4f07d4e4230f2b127022974115d,0b9ddc6ced845610e2a8d32de3f80b5d88e4f5eccda39b89bf3ecfe304b7e42e,22d491bde2303f2f43325b2108d26f1eaba1e32b,0000000000000000000000000000000000000000,0000000000000000000000000000000000000000000000000000000000000000,0000000000000000000000000000000000000000000000000000000000000000
0,1,34,7,20e11924d6b5d9ea2aaae56777e533a0cd46773b3c4e17d801a8d8f8fb13055e
2,5,089711ae515d4fe88ab54ceb4f8c913267829b23fd2af35b22a6446ac37d8ccb
0,3,35,12,2ed2f7a45c91e3b7a76400edae911cd3faee68858ab09ae24d3bc9981d8e3ded
1,3,16,36,6,245c1255e2495005ddde4484c85a3410a8480e0ec4967ac16348707fd4559eae1d617d1413f9d63fd4e51041b9514307ab9297e015e7e043ff873540c840fc1e2890ba0762e3fa13f0db143e016131f843da15ab1791401f5a6686ca5750a23305837af4c9ef361f1e4d16577a71139ceb73a7de95e1a019a482578619f452c81a512568db1a1ee1cefd5bc7dbd03ccf20169a6f130cb4723d256746072ca15b20aa1a2ed45268641ad0827095cddd5f2468495e7ddf5daf1ae0bb60b15d0f980bf239e4b3aa3a5dd468b7bfe3d52c7bc2148681ff3bff6f3bffe5e2075450130da8ea700cb94130b915f2b9973d7210c645130dcb5ee838ba6adf0a3972f53f,089711ae515d4fe88ab54ceb4f8c913267829b23fd2af35b22a6446ac37d8ccb,0da8d475243ab102dfce1259321121ca58b6af3413e19c25dd9079814c43a1e7,e11ba2b4d45eaed5996cd0823791e0c93114882d,0000000000000000000000000000000000000000,0000000000000000000000000000000000000000000000000000000000000000,0000000000000000000000000000000000000000000000000000000000000000
0,3,36,12,06019e1e2e6552d2fa118aae222c379d27f101564c1e26b4212f20ac9a274009
0,4,37,1,1fd8ef270cb918631a33ffdc588f2e07a77b1b8bc5e797eb3494aef025fc23f4
1,4,17,38,6,0231549d7f3a09608b20083d9113d2a48854b359472974cde0ae688b7432e4760ffdbc44d6760031fccc2816f3382499dd651083f6d67bcd85c1e53577fa7e2d1894d21592a33020ca7cc165aad48770bcdf1b929ba0dde2964164246edd5cda1555c3fdc4c779bccd33d8a7e57990a31df07be55106dd3dc9b3f357c27fae6b051bd48bd6cdc9790c0f6e34319e69ed0b7926bab0b8bb4536dd4f90569eeefb14904a4979a1a4e0aed7d5b8656797151e334ad61d63a9c97bfb9d7e777d2ac5155ceed6388c1043c741c7e2df61650f45f8cc2b19e506a77d0a99a3ee83e23b1831292aa6ceb6965114bafdf6316035cf79fe58243bad1ae822ed671561d6a0,089711ae515d4fe88ab54ceb4f8c913267829b23fd2af35b22a6446ac37d8ccb,13ef045bdb2094b68ae37041f60094c6f96c4446918e27e046e29c240776e0f1,d03ea8624c8c5987235048901fb614fdca89b117,0000000000000000000000000000000000000000,0000000000000000000000000000000000000000000000000000000000000000,0000000000000000000000000000000000000000000000000000000000000000
0,3,38,5,1703005d2d25f547bc856b8fbf4ae814b911d633699d9a586eaf8972165eadd4
1,0,18,39,6,15a6613eaa5822f3be2b226b323abec8437795bd9776ac2ee54906f76ad9223c00c2e861067b21b42fc856cc90c607e4082fdde5957f20539ccfbeef549efabe25958b30da66737a3261ca16a473c4d3637a9293ccb18d2db9818f30ad82f1a30d4347ae2b693d92de7909dac5ffd2040ec17cba82779e49920d566a89a910a2180c365559707f1660ca99e3755f915874ad07f3a6343055ede31e16fe66f7e20ee52d31da918d2d78e0ab3d323878612d70cff094cd2fe6a7847dfba8db57112eee23a6a24703b3fd671aeb2f4257bbaa1a86e121fd02163dc31791a98a407b2c8c2f94ef34e0060eb1f75a33fa17656223cb44a451ef7253ab4062a432e2e4,089711ae515d4fe88ab54ceb4f8c913267829b23fd2af35b22a6446ac37d8ccb,248ee5211d3cf990dc5e6fdc12235302524f27fea1e43358d6b199ddd7166bf3,90f8bf6a479f320ead074411a4b0e7944ea8c9c1,0000000000000000000000000000000000000000,0000000000000000000000000000000000000000000000000000000000000000,0000000000000000000000000000000000000000000000000000000000000000
1,1,19,39,6,112388eec4332458c7c1eccd148edc67a8a196f853bede0e4493623f1def5b9a1cf73901b154f7f777acd20e533059a9a8ab93694bde178a5ec01891226f8e3d2de46ab5ecc420a20972ba41339d250f0c6441168c247b8e2e8aa1c97b5b521a2d260fab0367f5737845f10a9d571425181e8a3b5dfe89ac0377792c867bc9c62f3880f22b5ebf5206427e3f58e99a0e5e2c1b5d9bb6387efb8041e758f3b3f82b5312e51d429c3431f2d0fef9634171ed7f9e0f159dbdb1a169785583a4136b0ef9f98c1e0f6f07f991da5f913e8a544cf7c7d2ad56780f48ac14837134366d0c9b59c905b722b48297d6df13b499cb098e8826d12ab1843bcdfcbf2c2fa152,089711ae515d4fe88ab54ceb4f8c913267829b23fd2af35b22a6446ac37d8ccb,25a7fea8324985b7abbc03d794c83d884b3a5bdab9028ed53285e5a361008e88,ffcf8fdee72ac11b5c542428b35eef5769c409f0,0000000000000000000000000000000000000000,0000000000000000000000000000000000000000000000000000000000000000,0000000000000000000000000000000000000000000000000000000000000000
0,3,39,14,1c01f8cc5592fdcc63232385af90161889bbcc309b6133df11627099127333fb
1,4,20,40,6,10c99d73647299bc016c4971379efe6f3686d7535e1b3219b42896342ffbf26020069842f45b0ddc7d22228078ba3e24bd5feb48844566b2a876a06359d639bd1f4c6575200d004f4527dd833daf01d0056bd3bf2abc6be3c3db7ae474655be31c9ceba305d93393bab673cb7b7cd24267f4db78177f1798437bf798d1266b131951b2424ee1e4f0de9032ed9b9557f835f5ce6f13139220e18b87f016f3fec22b003b3bfc50af746ceb2414b711349b3c66348a47735d594f018621cd754d60075de64389f1111e54d1962939d1f9d8bca5aa088348b1f6d864d91c3a8e332e1d5a294ed080ee66b4e0481d872f44e14471e9e131bbf3769e1d565d649f9388,089711ae515d4fe88ab54ceb4f8c913267829b23fd2af35b22a6446ac37d8ccb,1e39f631b30b2a3476ac0deb005ea212463f532e2bbc9cdcbaff23ac93ab1ea9,d03ea8624c8c5987235048901fb614fdca89b117,0000000000000000000000000000000000000000,0000000000000000000000000000000000000000000000000000000000000000,0000000000000000000000000000000000000000000000000000000000000000
2,6,0e628fc77f1db73c237397f0235fb43c8aefbe5126f3f7cfd500f469f37201b6
1,2,21,40,7,20a0f41a13104b8f75396e8d2d1fc4704bbc57e4708f163f1cf8383afd2a3ee72c4fe12d3cfb988baf59982f2f59dbf7a83d07d252b0d42734a21850bee8b79a1789ed9de4d27ca8712786e398af08a5b006f0e59568a36cb0528474f5e4f93f22b5c0e31eb587e73c4a318f203664a91e7e62d03d159da9f004d46858e27a6508c6f3b5b8ab903be102d0cb73050fc5184410bd0f1e1323bfe7babfc04f06c1255bf6f5edce8f497b922009f2d4a62dc52a0084735ab8b3c7276cca9a66623904ad2e62a5bff4bd77c3a67b292313f658751f010679a7cf8d39eb2dfa76f2cd1b09849d75144d37ad157381c9f26262417a9c3b4234eb588a16df81698f5e5e,0e628fc77f1db73c237397f0235fb43c8aefbe5126f3f7cfd500f469f37201b6,259cf4c507581598d7f809c5d028e4f9dc52514d12214c5e4728d4c1e9c4af72,22d491bde2303f2f43325b2108d26f1eaba1e32b,0000000000000000000000000000000000000000,0000000000000000000000000000000000000000000000000000000000000000,0000000000000000000000000000000000000000000000000000000000000000
0,4,40,11,12f8b4fdde7df32bac66391ba18b4702a5c190edbe4540d86729028bbf10041a
0,2,41,1,2a46566b641424f66d054f85711137f5f375f6c66638c3e26a8bf659ced4bd47
1,2,22,42,7,072797a23ea50a9eacad080071b36fed6835c86c0fc6caad28329c924fce316d256afa90273bd51ab75a9a22f08f76c1c9f9074219f61bcb70f280bcee7384c5030b9c2e70b6d40a0a3fca340d5595e26fb31c83f333a7d29b1d6574d13a60511abebb8ae14dd55cc8ed96acf02f770d4a8ee916122fa7491588e120bc346de8074a666af65227cbc594ab60cfd71ace9e67fdca27e9ed9fe6482db6e283c2330eeeccd4ea634b3bc7e223273e77fb9ad0bdae076d1d027396117df505dd6da018eac1a2f96821b8f4f921dc60c2d8b73286bcb2d7c4d6f30c001ccc34f2ead20f1518f8257e62816b060a4518cdb8758ba110ce1635ed63fd48a29c362a4409,0e628fc77f1db73c237397f0235fb43c8aefbe5126f3f7cfd500f469f37201b6,26d14ec18a7c1b65d4600e92206b2465be9f50f732ab04b82e448ba0c36c86e7,22d491bde2303f2f43325b2108d26f1eaba1e32b,0000000000000000000000000000000000000000,0000000000000000000000000000000000000000000000000000000000000000,0000000000000000000000000000000000000000000000000000000000000000
1,0,23,42,7,226111238fce357f4ba8d7561052ac35a3a2420f5c6a80dc353e4523404386af194376c850142ecf7f125381675278297611970a244020db83afec5dac262486167b7f8162f77ea1dfeb0e5f53bf3365eac2da78bb3e1d4e6c36f0fe9cef06882700d6de7f9045f06caa06f36727c209ed2fefeb9e3b9ee2c9f64ea5d682cf4217d5002e760ec6efefdd089e154612158efa33b64967a2d3053a52e619d6809f0d9180d00dc2f3e0937ec4727ced0225fc7c45ee848f96f7e7788df7d4f023d62958250bf20751645140652fa7b1799efab498783e2bec276c917e129bcc4c3b2b7d6321a9829fcdfcb2720c3c60be4c521655ee208123888afccf072f2d0279,0e628fc77f1db73c237397f0235fb43c8aefbe5126f3f7cfd500f469f37201b6,1c05acdaa4e505dd678231ec41eaec0fee32ee0436bd45e858dd3df356dbb5c8,90f8bf6a479f320ead074411a4b0e7944ea8c9c1,0000000000000000000000000000000000000000,0000000000000000000000000000000000000000000000000000000000000000,0000000000000000000000000000000000000000000000000000000000000000
0,0,42,6,025afca04d4443d86f9875c06db344916a344680aa7dcd9dca124ffb7a1f569e
0,2,43,8,0352fcae0c87b3d2571b5357ed0515564153ae777f5b6dfdd3e8256a54d25a8f
0,0,44,2,200d83c18945cff5ef22e7fbccc5938160c950d274f25045c724d70a95c842e5
0,0,45,3,238327f9de9d4a139efbf708ca5b0f4378723c8e92e1006626c03f2400581450
0,4,46,12,2be705db90b42191678d8b74886ea4ab6a3372d13f52c1f4f9066e62084f551e
2,7,1fa6db1b62bc963529bb88b6e538d602b64f4718af889f5715ab0221291c5fb5
1,3,24,47,8,1e5db38addf24645f016615c4b42929b2746ade5578f2bc4ecee8fcbd142e7af0af5ff00db1337cda5475323e0787754ab86c6021991947a43e6c0a2c0ab4dd019ed20b0cefa3cc0f61663b90ba2b836dbfa5702e867782bca6002caf492db79177015f308cc5a045c4ce36fc8c018f4a42478f5c882887ae286ad495959daaf276bf826e1c2c3e7164d1808f35a71b44999fd3e18f911d3198603a309eff9cf06e1aae516c91de522cb5ce7e4a7905f5eb13f6d37c002ccea9ea4a49824fccf18adb3dd2595823b99e08bc548403f235e150bf55735a2bfeacc3c9bf04872720e48bd15275e8ba700b9d4a30a02177a6dbbcaca7eb8697adf05af015b4c039c,1fa6db1b62bc963529bb88b6e538d602b64f4718af889f5715ab0221291c5fb5,10ff286eaa17a46e6551d4f70636fb84dbc000fa989f141d26dd07768f3cf9cb,e11ba2b4d45eaed5996cd0823791e0c93114882d,0000000000000000000000000000000000000000,0000000000000000000000000000000000000000000000000000000000000000,0000000000000000000000000000000000000000000000000000000000000000
0,4,47,12,0005b5b2b8799b3925634bbc998ebcb5f5ca1fecd2ebe061cae42f6b838f38f5
1,2,25,48,8,25e83ebdfbe1f74a0c115f8efdbeb0738f851c663a15188d00edf9ab70e7aef9150950c8ba71ff0fe13629a7222bc8eece29a49e08f7fb612d2527e6f124088a1e6f1a7abb84539d0e54459cefe0f5a6d87cfdc15ba00c663592a55ecfba72ae2181d337e275120dacf4eaa0e920e565a6b9de639699fa7525a4bbabf0d690e92bf60c03f1e661a003ff93928479cc2dc4542dbcbf864d90a38ea7f90ef72b7709b3d1ca750c2772569ba72dc33dc64e4fc47f375046400504e00fd9fc264c3d270dd2ff612417bed8b66cac6e3b2531bc90fe6f87b9929344acdabe31b02c0f14a795a1702eabaeae30a6ecfe1f46fe2a648e3a3f4ca68f1033b39ec4a8b352,1fa6db1b62bc963529bb88b6e538d602b64f4718af889f5715ab0221291c5fb5,0eb08cc8fc7463a38ca9e7b8b0544e443c23fdf8298b70178aeb5d44f7e55376,22d491bde2303f2f43325b2108d26f1eaba1e32b,0000000000000000000000000000000000000000,0000000000000000000000000000000000000000000000000000000000000000,0000000000000000000000000000000000000000000000000000000000000000
1,2,26,48,8,166aa77b80d83e5b587d6b4e4463c6de24d5ae0458959f51f9a0be870b36bb280c87118a901e718dbcf972d75340f7a868ea9d06c861d359cd77d7463a9c3aae02b238cfc20b79d5a484e507e99e5fb61bb385f3c67a565a2e78b0be70dc4a6c0e55d4aed89888810d214649a4b69df32d93ec665e112ecb6da22eb6cee99213222294b38fae1567cdd62ddb5585de58bf40890303d1e42ce9af2ab9fd39536a2ce81d1aa47db3c7b16712a09e74c1b542f547a1e143c32a8d1568455758830b01cf031516b89ebf8a6d29bb2019fbc9b598beeeece7c1eb3332307725c38e20012a0cf8592945d584159bff969825ee4e6a23b7eb7f969824ee919dcc6f0b6c,1fa6db1b62bc963529bb88b6e538d602b64f4718af889f5715ab0221291c5fb5,2dd23616791abef197c03e2e949cf72eef549f4169a7e044cf28bb4d6c66f5ae,22d491bde2303f2f43325b2108d26f1eaba1e32b,0000000000000000000000000000000000000000,0000000000000000000000000000000000000000000000000000000000000000,0000000000000000000000000000000000000000000000000000000000000000
1,3,27,48,8,2ac8c1bc3e36d99d1569ba3b97abb6a6decc94b3bd53def36fb953a838f376182431d18066c93ecaae62be5657e28de3498a0b1bb4c0688367ebe3479881133a1182aaf9c68d8780c821db88e24390431b3cf4dd88ad5ccc294559c96a1a07b30aad2b708ea75f9aff710a652e21628584d08f1a2aa1ab068f10b33ae232d22f211e32ea53d71b9cab536379d3f6463dd99d8355f7fdf85a6a9d738c97ff7cbc24d4847af61e170baab42ce0f1d93323e07030fa1d51a4d67228c9bd4ead6fcf0ae3c9939fcd08bb113e9c5601074439961d696a6701ab95a52fc93165d49d0b28b2ee46dc4a2019f58cda7bd1add42c87cac642c6621d5ae2d0c01e34a28859,1fa6db1b62bc963529bb88b6e538d602b64f4718af889f5715ab0221291c5fb5,2883f24014d3a8bfb6ba8a2c9719b4054fbd3bf830c8e92ec21e9dcd90f392ec,e11ba2b4d45eaed5996cd0823791e0c93114882d,0000000000000000000000000000000000000000,0000000000000000000000000000000000000000000000000000000000000000,0000000000000000000000000000000000000000000000000000000000000000
0,0,48,6,198e7eac6ca2751cb870e77ab58f834296263675af6be5460e83f4186893017a
0,4,49,0,0d75a26415a140bdb7f828742f4fadb38ca442c6fe2976e3a0b74a545a9059a6
0,0,50,5,2473b2042eb63f814fbbb4e48909364bf2776dcf0ef421eb532fbef2ffe34f54
1,1,28,51,8,0e3aaa1905bef673450512991a070accf2a78ec24748fcd283b8c74878fd3c342aeaef6e9fe988de09dc457180a4b2287b45a5d7477bb58f0ee32e8cbf51b71c09471d8c68a32a9752b27104f0d3eee780dbfa04edc31d5b35535231700f60a9213fec6362e3af1225ed9d3406a8ce92575465a18496cb30b7cfb2378108435f1ac0e55271cb7817be9a436fa9b1948da61505745cf89a78f1306678540049781df5987fe98902057896b5d3034ab817b27142ede4bfeabc71d0d97c7b3f61702284217f1597c63914caef146eb6aea8352c1f296d79e1ca02ab5d3004051fb2166605bc26e50f992a202e579ca29c52947c2cccc981b16dbfc7f79f78224f07,1fa6db1b62bc963529bb88b6e538d602b64f4718af889f5715ab0221291c5fb5,290ae1c2c4df549341a92056d1cf940bf0c76a8ecb922cd4d1bf6751450a57f6,ffcf8fdee72ac11b5c542428b35eef5769c409f0,0000000000000000000000000000000000000000,0000000000000000000000000000000000000000000000000000000000000000,0000000000000000000000000000000000000000000000000000000000000000
1,1,29,51,8,1be62f0f4234a3a8d8e34ee0189a2aae6782acfe0dab7f29679ec2a110c6effd1e7f5edc8ef13834ebb8f0c6be9594a59dd4b495111598ec78a8f2d98b58d3ab00922198db24d756cd8f9694a948387b14d5cce50e58c136f34d9996f6e8ac4a2c9fe8d86b8174a9666cedd0bb719dd0143018e31bce8c8815ff2f7907bba7a312813167a09d4f2425bf1fc021cf3a434d33a1639cd4d23f16221e1ab24ba4901daa9e7bd86f7b2eb76c78cd8f811f8b7214722fe598f5c66f42fd4754c3aa931e81aeec8a1a44a483b43ccd265bcfe855ca2c15a9fd62191e4ef313664e49731c8b4f479c78c964d7a322fdfe2ab2423aa98435a1cb04e4030ca88a3084dc67,1fa6db1b62bc963529bb88b6e538d602b64f4718af889f5715ab0221291c5fb5,1c76d2cf9f847d41e4d71a12f1903b30bc1d824ea6819172b966bca993e1c965,ffcf8fdee72ac11b5c542428b35eef5769c409f0,0000000000000000000000000000000000000000,0000000000000000000000000000000000000000000000000000000000000000,0000000000000000000000000000000000000000000000000000000000000000
2,8,093414819e53b2f7c038ff8a732eb3b9c0f17ba639d53202263fb40ed57449c0
1,2,30,51,9,14039799cff4cbf63c6e6e95490f53bfd4d6a1dbdbdbb4ae9b5a483b36757b62109e9d7cb126868105e93610e2b3cf7981b1d178b5b01eb0a186e3eb5175acce29b612012299883b8325a39bc85e835ba82abb00da4fdc68bc9b9a3b630cbd2f09b088324f73ddf13ddece560680f10fb19c0a81e2f386560cac8267738dd2161d8c0edfd6612528d1dfe28b310cf03b255e2dde845bd1eb0b1b3fa2e8e516c60f1b2af1fa45cfd94d588d9c03c3228988e0af6210f24369866fc2a5e6a2b43b1dacc0ccb0f8418671e0def891ecd6eaccef19ce160201dc89abd7a7664bbca92d6623bf7ac253a1f009845e983043e827128a0e6a87a91725fda131eb098861,093414819e53b2f7c038ff8a732eb3b9c0f17ba639d53202263fb40ed57449c0,24b72ab5b271b9fafb0176dc00fa3fcc008cc2b36c9167f1013b4dbd109a3a29,22d491bde2303f2f43325b2108d26f1eaba1e32b,0000000000000000000000000000000000000000,0000000000000000000000000000000000000000000000000000000000000000,0000000000000000000000000000000000000000000000000000000000000000
0,3,51,2,14e82180ad2e9491700213010d1e95012c34c5c27b4d8295cf58b08c5f320e46
1,3,31,52,9,19d09fa1b4b70ba514760abdbb64879d265bc18d47b3300de2969ba0561194372a78ac2a527955d6b4bcb070830bdef7cda914a1eea363f4386d2eb47298f4cf0aa62f77e8eceb347144980ef4612bcfc1d81d9b8367a02e5f2e9266d1a21f511c4b3f4f721afc9913a869e7c8b647215f0b4320b1c32896fa56cb6d9fef340c036c145c2dff7e288ec9f9fef444c10c90a92d95bf4fa333a267ef69193cb22516b695d12e4011d09f793dea834d48fe13fd8f4c0ae700526f3a34319b19490621932d4a8810bc3640ab69265442157e315bfb10b4370862a8d93038cc8a8af51abb3156a5e712481f86d3ff2c8af520528207b43da19ef2ccab0e705a256953,093414819e53b2f7c038ff8a732eb3b9c0f17ba639d53202263fb40ed57449c0,06effb3837ba9bf17dc8cb5a81cd466bbf0276368b6931b4a5fd9880a631725b,e11ba2b4d45eaed5996cd0823791e0c93114882d,0000000000000000000000000000000000000000,0000000000000000000000000000000000000000000000000000000000000000,0000000000000000000000000000000000000000000000000000000000000000
1,3,32,52,9,1eab58cdaf89de61dc3971d170655bc3537b0cae10b46f503d553f2ce681c7d1246fa6cb204a6c73503c61b331dda511cf01592b35334333f5826c4d37f47891082e46359100db56b3a9294e2bade4de7f4da39383eb0041ddbe57383ab338711a2f18124a1f76b6af0d7f5c5792227e6164dea5212ff1c1bcab03c4f9f3faff06739a153c4ed5a120aac86938b5c064cf716efc4e092804d51b3b4bee2132f91bd62788eb4220e1e11ce6fecce956a07238c7e4733d97353d3898260de0084a1079fa16208f0eafb9e9f016b13d2a50f3467aa9e7cead9a3c05229b1c0414e51a3a1236973fe1a34c928a43b9fe1fdc0473ef302a23d4c649ffcc03098d3889,093414819e53b2f7c038ff8a732eb3b9c0f17ba639d53202263fb40ed57449c0,0a0ae970e767ffefec2405b86acf3cf8980e3b0c48bdc659a3fe977f3096fcc8,e11ba2b4d45eaed5996cd0823791e0c93114882d,0000000000000000000000000000000000000000,0000000000000000000000000000000000000000000000000000000000000000,0000000000000000000000000000000000000000000000000000000000000000
1,0,33,52,9,23bcf4af554b8ce415a40b260f92446c52c84242b4d4b7e2ef2348c84ff0e9e216b3ccdbdb8bf2aaf2def35919b98238d3f3a79b66eea3962916cd026d9edefd2c936ffb65a732ebd733772e52aed73964f0b1ec1736c3e4af7bb596dfa158dc1337c8db211bbeee575f97030c46118f92279d2b4faf887db0eecce2ddf3f4c82b5b9dd45fee3d1dfa0cf8930ff14d29118cf6838c774b91b263845b536ddbca09e574523975dc165d32205469f4ec1e918496f41dd514853e44110f504e6718022fba29bfed40aec62d38501c1d5a93f3a777ae42c36d8d6325db909c9a3e1d0603e104c8093e2f800dbdb469f0cff4bb832b9ebcd0b01d8ce05ceb4f8db464,093414819e53b2f7c038ff8a732eb3b9c0f17ba639d53202263fb40ed57449c0,1072d9b175ed1a4d1a9822ace4d451ba5bc4d29096efa1ee752a8fa559b54429,90f8bf6a479f320ead074411a4b0e7944ea8c9c1,0000000000000000000000000000000000000000,0000000000000000000000000000000000000000000000000000000000000000,0000000000000000000000000000000000000000000000000000000000000000
0,4,52,3,2ead161af7b3d13da330aad0760c8a8d3d086b01cd758090a4989fc01dd80449
1,1,34,53,9,1db8b0b55dc3f9d2ecfcf46e688e17b95757286879071e68fdb59c4d22b557842e62e7ad6117b5796ee9b37443dd6562769c03b14886df8fe6b938d736f958d20958f9bcc4fac874b05782bd81befd1c81b4bfcbeb23a9942bfc07788342bda0029b5f86496f0b938bd6650bc249356d195ef9e67ab1ea1bbe7112e7055af1a0259bfac5b5f7e23df74be30072057d2a713dc4166ede7c9d7b53b8f52e06dbaa0b14db3c388918e62f9ccdc30803e87e37fd44286929575be41e98de85ad34f712c68ffa7090a5134c35c8ec5dcda97683581972bc23c5f78168f980da5f6ae2096e13609f3b2232c700e8e1dc674208f655d8362497c5df3b517724b58ee137,093414819e53b2f7c038ff8a732eb3b9c0f17ba639d53202263fb40ed57449c0,158b919abaf85936a1579b60f888c23528428656784a1cb79e02924b44c70c16,ffcf8fdee72ac11b5c542428b35eef5769c409f0,0000000000000000000000000000000000000000,0000000000000000000000000000000000000000000000000000000000000000,0000000000000000000000000000000000000000000000000000000000000000
1,1,35,53,9,0c5a513a60f53810a469b029ad6e6e63769af719bec854bf7d6f0bd747f404321dc6ee6531783f598acc90ae3dd840e26611f499131a40114a66fa3a344243900e2d2d679f7f9a7074fda720080068e5c9e8df0d43e24d5e1311696545185b4e0ef1a2e7081cd2342c0d1206455881188771f6d62521aa8c4310752d8c67e5ff0bf4b6e3936381b3539ade91b65ba724351c70470d2bc31bb713d95747448fa6074482a66dd8baeb6d7ceb2a502b9b47b309a47f162a09131162f99ff2a107582dfc6cbf6ee81c0de4e9b3c3b8a3b346f116467e19816e6cdb1305be8202c916271b44cb5077b66e06f90e9f7fd9b79699389001fc89d1d3ad1fc729302441b6,093414819e53b2f7c038ff8a732eb3b9c0f17ba639d53202263fb40ed57449c0,1a673fde1e23bb6c837a14ac9f97a2de8998f06a8ab04fbca37870b559f731cd,ffcf8fdee72ac11b5c542428b35eef5769c409f0,0000000000000000000000000000000000000000,0000000000000000000000000000000000000000000000000000000000000000,0000000000000000000000000000000000000000000000000000000000000000
1,3,36,53,9,1adc9b8d6cbae65eecaf3296cafa3159959b12fb1c6a3dd9d8559302c17cd5ad19652eedad0d82c9f34b45875dc9f31f7cfed7c659fee70fd899b270c7a5f2e918ad65042129fe96a2cb06494bb69911ca48269cadd9c418b03e23add5c50fc128a781ae1b9b5123229b881cde3f3a6aa99d6cc47dd8cc3f1c15ff9136ad2f9d01ce4907726988db070a05a73351c30d5884341f53f678db8b2d7b241366f0d32bbfea76a6338a537d48ac00ba43a1ae9373c54572dcae43e61ec6010c44983e2abfdd7a2555eb51ff7b67bcb07e42966680739e778b802da9616c67974034922413f537f2a06bb8d4060aaa11f709fd98934bb4bfb0085b01d495f1feb4a0b4,093414819e53b2f7c038ff8a732eb3b9c0f17ba639d53202263fb40ed57449c0,29a6b0a86dcdb725f41d8963c41084bfc742ea2adf441318ce5e487eca761112,e11ba2b4d45eaed5996cd0823791e0c93114882d,0000000000000000000000000000000000000000,0000000000000000000000000000000000000000000000000000000000000000,0000000000000000000000000000000000000000000000000000000000000000
0,3,53,8,24834369f25bc2a09e158af19c0f1c767387bd674475c704bfba4dabcb93805e
2,9,1bf7b9cc91aa8608b53b4c7a7010f04a98e7b6291fcc19bd314ee17f60a2b889
1,0,37,54,10,18008ebf33f62f84c30a52c5dfa99a5aa8bca21d10801ad2a0106d567b4b8b8115bac46d00c27260f884e3e80bc721247a75c8901063f48f30ff79d3a2532a6b1380347ea08e54493fceda1531d02638d1a0fe4d50f35b947b2ca057d121dfb5149f14d545597ed50d4f29aa21ee90a8267a445843bfb687bbc636af0284d1a920a0a26d0e4d09b85515a25ec5a59a14898bbf71b1d6272a71fef991ac4e59ed1fa9ab86c5bee79030d694cdb03b5c0ce12a3b9abd4e1168c8f3eea25705b89e27bcbef16e8aea5a95b2d8c664c080597232b8fba3425c89b4603de4d85ff879299b209fbe4f8757e34c70334e30f3cf268e81eb49ba5750ed83fddcf287626a,1bf7b9cc91aa8608b53b4c7a7010f04a98e7b6291fcc19bd314ee17f60a2b889,0313bd69c68e0f889d3fc39d239cae9f377d23ebbed23d0564d01947ee96ac21,90f8bf6a479f320ead074411a4b0e7944ea8c9c1,0000000000000000000000000000000000000000,0000000000000000000000000000000000000000000000000000000000000000,0000000000000000000000000000000000000000000000000000000000000000
1,3,38,54,10,11bfa3a2a576ab4c13acfa2ede028ce31ed9dabaea3bd49b1c3d8aedd5e2f1461fd35f9482ef374643aea9ea9818e2854ee73df2cce226a11c209efd22ef0b261c2bb0345a852d05aa5dbbf9cf8601e6e283049d1acae13a189e519ba0671dec10643fe3b94b97809830e6b932fdad9bcc798ab095163b728e9c9551fc70eb952a48149058a62cbb52ec812d1c7637843eefe157bebf909dfe3656779ff041751ece91722f118620e03677bdfb55926d65473b4a173fb4ad6b1f17c9093d5e8d04f72ca4a9a3933b976907e07efbe5621139b195708f9cf90beb6816c2fec62b16dec75758f3f62e2609ecb59bfd7fc52b6ce78241fb17440132ae7bc1128d1d,1bf7b9cc91aa8608b53b4c7a7010f04a98e7b6291fcc19bd314ee17f60a2b889,195297070bd9bacc8a50aba5b3f0d104c875a73233f5d8dd094eae3acf38c54f,e11ba2b4d45eaed5996cd0823791e0c93114882d,0000000000000000000000000000000000000000,0000000000000000000000000000000000000000000000000000000000000000,0000000000000000000000000000000000000000000000000000000000000000
1,0,39,54,10,251e0d2f1ee341b8f2a662a1736f2d9aa8b6f12f85671873c8f30b1a4c24f8562855b950e48b13cd8640f08e47a234b7f88443ea7e52ba75ffd121a7e8ccebe11c2b392f7d674eab26e7bcd9ae3988bb5bb174f36b9ae519283f3944425c750520771e346d846586770413862b238a32e5d9df1b0cd0799233536c38f049edd91c3df13f472b3538e9358cefc7b0c6524683269e52ca80a7990ab3b065f59b5f243c5a57971863e805442534478defd984e16b7fab5b734e38ae7d8c99dc583d19ccdb675075ec7c7b90923294b0e1eaae465f160d783f50ece269c0be387e920aedc742b2aea13eacd750a92e18d95d887cc84cb4c34f7062908eeeb54d91ff,1bf7b9cc91aa8608b53b4c7a7010f04a98e7b6291fcc19bd314ee17f60a2b889,0cb8a35161941813db61639e3b92803a5623a4e9719c5ca1fe34fffbc4bf2a80,90f8bf6a479f320ead074411a4b0e7944ea8c9c1,0000000000000000000000000000000000000000,0000000000000000000000000000000000000000000000000000000000000000,0000000000000000000000000000000000000000000000000000000000000000
0,3,54,8,2cfff84b8990dbdc419ed37bd09a848afc5317958325a341625a727f416046bc
1,3,40,55,10,0ca6e5cff576d0330bdf81ba02332b1d89bd1ba1803ee72d70edbeb7d66cee88063217f352b066d2d8c74030090a50e128e96da2d8be1d1328dfe0bfdd7d2fc30e463deee75a870f5f8d3eb16b2b3dfff1d54a5006f29afca1d1b23dff5f18ce252d6038b6641513fe685f5f6bf83406030ed66cd95d4e7d52b6b61b7ee3600325f7b2e349f0de15cb1f7d864fb0faa8d1f52414c90adca514b18fa8271d79ab2da2bb9a2386704b3cd19ebefeec8e97ed8aef038647b6295f0e3dcc53ccdcf32609d84541a80d7eb09b6cb9b11210819821dae74ed2f8f91691cda1ae15982d181305c470c5b29a683e4db15ea43f813192d7eea172318925afb5995ae65bc5,1bf7b9cc91aa8608b53b4c7a7010f04a98e7b6291fcc19bd314ee17f60a2b889,2e5a9b1c2468ae7677c97906c2a737e5d6422a1333a29a30ff6a9e18b2486bc0,e11ba2b4d45eaed5996cd0823791e0c93114882d,0000000000000000000000000000000000000000,0000000000000000000000000000000000000000000000000000000000000000,0000000000000000000000000000000000000000000000000000000000000000
1,3,41,55,10,0f378bc0e9c5050a3d6b5affec5eb0569472f0d1ba67ec25f18f5a821d619be50f2d7dd00b81fb245c4a929ae46f470be349ee47f2dd5a50810f4693219e9bff06a13fc03797ebfde357c08844dfd5b7a777fa623c1b4dd23a6e8e56de7f362018b1b641e3d2e86e381f4d0cc237493ae8702ec0e7ccb2bc033d04562f72180a2eb9eccbd49b3986aa2464f1a40edac27c6a3418674ac993bee78bd47427df7b1a41b50a59fa6f8d27732f52137b09d8e0f1e08a620378bf08e319d4c18be2902c52e5c1575e54c3dba9267268dd5bbe61c77e67646a79185c244046a0d940611abfba165ff16226280219944b3a3475d0708f26bfcc45a27ca95a1e62d0c840,1bf7b9cc91aa8608b53b4c7a7010f04a98e7b6291fcc19bd314ee17f60a2b889,2f7d29daa882aa8d52ffa229d651cc2e2466754baf4b42bfc250fc8b23e371b6,e11ba2b4d45eaed5996cd0823791e0c93114882d,0000000000000000000000000000000000000000,0000000000000000000000000000000000000000000000000000000000000000,0000000000000000000000000000000000000000000000000000000000000000
0,1,55,9,22224f7f0d214d4eee86bfee6e804f04ca7dacf5747a24ba092e24982ab98fc1
0,4,56,14,269ec6d8758fe8588f1cbbb998411ddb2723c1edfccb13c87ee942d86ffb43b6
1,1,42,57,10,0897fc4210ea50526e1dc6c2616c1afeb08e1c0fd4b27552398c3dc15950b42b1d9df43186971febade40b5173ffed4283ceaf574341b81455a3ae780a6bda200f008d7aae88918af882a4cf1747bf175233724e176976dda09e21c673256d3528437d162c3b2e1c76a3c0b86dc407d08b4493bb53f1db3bea57d05ca1a704c21ed6465a426a6b4a2c72095246357893606d4fffc9afae7a3c6aad73e0cb0e4a20c32c4776b6784b47b23a6174e39816619ee60c07f78313f1fd394a0feabbef136b221457a5129b20c603617a24a6fd3cb4fd918f785512fd6cec8358b413bd1b8173c562e50c31939c2f93a19d2e39e09d9d50d7062db2f55b8bea58a96d74,1bf7b9cc91aa8608b53b4c7a7010f04a98e7b6291fcc19bd314ee17f60a2b889,0998a5b5c074cd072f0f36cb5ea4155c960ec5fe95c1c7f7d4efca190a53cb36,ffcf8fdee72ac11b5c542428b35eef5769c409f0,0000000000000000000000000000000000000000,0000000000000000000000000000000000000000000000000000000000000000,0000000000000000000000000000000000000000000000000000000000000000
